6 13
0 0 1 2.0 1.0
13575.349682 1.0
0 0 1 0.0 1.0
2035.2333680 1.0
0 0 1 0.0 1.0
463.22562359 1.0
0 0 1 0.0 1.0
131.20019598 1.0
0 0 1 0.0 1.0
42.853015891 1.0
0 0 1 0.0 1.0
15.584185766 1.0
0 0 2 2.0 1.0
6.2067138508 0.41440263448000
2.5764896527 0.23744968655000
0 0 1 0.0 1.0
0.4941102000 1.00000000000000
0 0 1 0.0 1.0
0.1644071000 1.00000000000000
0 2 4 2.0 1.0
34.697232244 0.00533336578050
7.9582622826 0.03586410909200
2.3780826883 0.14215873329000
0.8143320818 0.34270471845000
0 2 1 0.0 1.0
0.5662417100 1.00000000000000
0 2 1 0.0 1.0
0.1973545000 1.00000000000000
0 3 1 0.0 1.0
0.5791584200 1.00000000000000
99 0
